010011010010000011010000
100100101010000101000010
000011101110000000000100
010000010000000000001000
101000100101110001000000
101000010111000000001010
011010010010000000000011
100101100110010000010000
011000000100010001000101
001011011000110000010000
111001110000000000001100
000011000000011000110010
000010000100000010000000
000010011101000011001010
000000000001000010011000
010000000000000010010110
100000000000111100010000
110010001000010000000000
000000000001000000000000
100000010101001110000001
000101000010011000000001
001000001010000100000001
010001100001010100000000
000000101000000000011100
4
