[25]
[25][-15]
[-15]
[-15][-4]
[-15][-4][-36]
[-15][-4][-36][29]
[-15][-4][-36][29][40]
[-15][-4][-36][29][40][18]
[-15][-4][-36][29][40][18][4]
[-15][-4][-36][29][40][18][4][-15]
[-15][-4][-36][29][40][18][4][-15][-11]
[-15][-4][-36][29][40][18][4][-15][-11][-30]
[-15][-4][-36][29][40][18][4][-15][-11][-30][27]
[-15][-4][-36][29][40][18][4][-15][-11][-30][27][19]
[-15][-4][-36][29][40][18][4][-15][-11][-30][27][19][50]
[-15][-4][-36][29][40][18][4][-15][-11][-30][27][19][50][48]
[-15][-4][-36][29][40][18][4][-15][-11][-30][27][19][50][48][33]
[-15][-4][-36][29][40][18][4][-15][-11][-30][27][19][50][48][33][29]
[-15][-4][-36][29][40][18][4][-15][-11][-30][27][19][50][48][33][29][29]
[-15][-4][-36][29][40][18][4][-15][-11][-30][27][19][50][48][33][29][29][40]
[-15][-4][-36][29][40][18][4][-15][-11][-30][27][19][50][48][33][29][29][40][11]
[-15][-4][-36][29][40][18][4][-15][-11][-30][27][19][50][48][33][29][29][40][11][-19]
[-15][-4][-36][29][40][18][4][-15][-11][-30][27][19][50][48][33][29][29][40][11][-19][33]
[-15][-4][-36][29][40][18][4][-15][-11][-30][27][19][50][48][33][29][29][40][11][-19][33][10]
[-15][-4][-36][29][40][18][4][-15][-11][-30][27][19][50][48][33][29][29][40][11][-19][33][10][42]
[-15][-4][-36][29][40][18][4][-15][-11][-30][27][19][50][48][33][29][29][40][11][-19][33][10][42][45]
[-15][-4][-36][29][40][18][4][-15][-11][-30][27][19][50][48][33][29][29][40][11][-19][33][10][42][45][-2]
[-15][-4][-36][29][40][18][4][-15][-11][-30][27][19][50][48][33][29][29][40][11][-19][33][10][42][45][-2][-37]
[-15][-4][-36][29][40][18][4][-15][-11][-30][27][19][50][48][33][29][29][40][11][-19][33][10][42][45][-2][-37][-46]
[-15][-4][-36][29][40][18][4][-15][-11][-30][27][19][50][48][33][29][29][40][11][-19][33][10][42][45][-2][-37][-46][20]
[-15][-4][-36][29][40][18][4][-15][-11][-30][27][19][50][48][33][29][29][40][11][-19][33][10][42][45][-2][-37][-46][20][-5]
[-15][-4][-36][29][40][18][4][-15][-11][-30][27][19][50][48][33][29][29][40][11][-19][33][10][42][45][-2][-37][-46][20][-5][0]
[-15][-4][-36][29][40][18][4][-15][-11][-30][27][19][50][48][33][29][29][40][11][-19][33][10][42][45][-2][-37][-46][20][-5][0][19]
[-15][-4][-36][29][40][18][4][-15][-11][-30][27][19][50][48][33][29][29][40][11][-19][33][10][42][45][-2][-37][-46][20][-5][0][19][45]
[-15][-4][-36][29][40][18][4][-15][-11][-30][27][19][50][48][33][29][29][40][11][-19][33][10][42][45][-2][-37][-46][20][-5][0][19][45][-47]
[-15][-4][-36][29][40][18][4][-15][-11][-30][27][19][50][48][33][29][29][40][11][-19][33][10][42][45][-2][-37][-46][20][-5][0][19][45][-47][48]
[-15][-4][-36][29][40][18][4][-15][-11][-30][27][19][50][48][33][29][29][40][11][-19][33][10][42][45][-2][-37][-46][20][-5][0][19][45][-47][48][-26]
[-15][-4][-36][29][40][18][4][-15][-11][-30][27][19][50][48][33][29][29][40][11][-19][33][10][42][45][-2][-37][-46][20][-5][0][19][45][-47][48][-26][14]
[-15][-4][-36][29][40][18][4][-15][-11][-30][27][19][50][48][33][29][29][40][11][-19][33][10][42][45][-2][-37][-46][20][-5][0][19][45][-47][48][-26][14][33]
[-15][-4][-36][29][40][18][4][-15][-11][-30][27][19][50][48][33][29][29][40][11][-19][33][10][42][45][-2][-37][-46][20][-5][0][19][45][-47][48][-26][14][33][-8]
[-15][-4][-36][29][40][18][4][-15][-11][-30][27][19][50][48][33][29][29][40][11][-19][33][10][42][45][-2][-37][-46][20][-5][0][19][45][-47][48][-26][14][33][-8][-11]
[-15][-4][-36][29][40][18][4][-15][-11][-30][27][19][50][48][33][29][29][40][11][-19][33][10][42][45][-2][-37][-46][20][-5][0][19][45][-47][48][-26][14][33][-8][-11][-8]
[-15][-4][-36][29][40][18][4][-15][-11][-30][27][19][50][48][33][29][29][40][11][-19][33][10][42][45][-2][-37][-46][20][-5][0][19][45][-47][48][-26][14][33][-8][-11][-8][-18]
[-15][-4][-36][29][40][18][4][-15][-11][-30][27][19][50][48][33][29][29][40][11][-19][33][10][42][45][-2][-37][-46][20][-5][0][19][45][-47][48][-26][14][33][-8][-11][-8][-18][-38]
[-15][-4][-36][29][40][18][4][-15][-11][-30][27][19][50][48][33][29][29][40][11][-19][33][10][42][45][-2][-37][-46][20][-5][0][19][45][-47][48][-26][14][33][-8][-11][-8][-18][-38][19]
[-15][-4][-36][29][40][18][4][-15][-11][-30][27][19][50][48][33][29][29][40][11][-19][33][10][42][45][-2][-37][-46][20][-5][0][19][45][-47][48][-26][14][33][-8][-11][-8][-18][-38][19][-50]
[-15][-4][-36][29][40][18][4][-15][-11][-30][27][19][50][48][33][29][29][40][11][-19][33][10][42][45][-2][-37][-46][20][-5][0][19][45][-47][48][-26][14][33][-8][-11][-8][-18][-38][19][-50][-39]
[-15][-4][-36][29][40][18][4][-15][-11][-30][27][19][50][48][33][29][29][40][11][-19][33][10][42][45][-2][-37][-46][20][-5][0][19][45][-47][48][-26][14][33][-8][-11][-8][-18][-38][19][-50][-39][28]
[-15][-4][-36][29][40][18][4][-15][-11][-30][27][19][50][48][33][29][29][40][11][-19][33][10][42][45][-2][-37][-46][20][-5][0][19][45][-47][48][-26][14][33][-8][-11][-8][-18][-38][19][-50][-39][28][20]
[-15][-4][-36][29][40][18][4][-15][-11][-30][27][19][50][48][33][29][29][40][11][-19][33][10][42][45][-2][-37][-46][20][-5][0][19][45][-47][48][-26][14][33][-8][-11][-8][-18][-38][19][-50][-39][28][20][19]
[-15][-4][-36][29][40][18][4][-15][-11][-30][27][19][50][48][33][29][29][40][11][-19][33][10][42][45][-2][-37][-46][20][-5][0][19][45][-47][48][-26][14][33][-8][-11][-8][-18][-38][19][-50][-39][28][20][19][-45]
[-15][-4][-36][29][40][18][4][-15][-11][-30][27][19][50][48][33][29][29][40][11][-19][33][10][42][45][-2][-37][-46][20][-5][0][19][45][-47][48][-26][14][33][-8][-11][-8][-18][-38][19][-50][-39][28][20][19][-45][9]
[-15][-4][-36][29][40][18][4][-15][-11][-30][27][19][50][48][33][29][29][40][11][-19][33][10][42][45][-2][-37][-46][20][-5][0][19][45][-47][48][-26][14][33][-8][-11][-8][-18][-38][19][-50][-39][28][20][19][-45][9][10]
[-15][-4][-36][29][40][18][4][-15][-11][-30][27][19][50][48][33][29][29][40][11][-19][33][10][42][45][-2][-37][-46][20][-5][0][19][45][-47][48][-26][14][33][-8][-11][-8][-18][-38][19][-50][-39][28][20][19][-45][9][10][1]
[-15][-4][-36][29][40][18][4][-15][-11][-30][27][19][50][48][33][29][29][40][11][-19][33][10][42][45][-2][-37][-46][20][-5][0][19][45][-47][48][-26][14][33][-8][-11][-8][-18][-38][19][-50][-39][28][20][19][-45][9][10][1][-35]
[-15][-4][-36][29][40][18][4][-15][-11][-30][27][19][50][48][33][29][29][40][11][-19][33][10][42][45][-2][-37][-46][20][-5][0][19][45][-47][48][-26][14][33][-8][-11][-8][-18][-38][19][-50][-39][28][20][19][-45][9][10][1][-35][-40]
[-15][-4][-36][29][40][18][4][-15][-11][-30][27][19][50][48][33][29][29][40][11][-19][33][10][42][45][-2][-37][-46][20][-5][0][19][45][-47][48][-26][14][33][-8][-11][-8][-18][-38][19][-50][-39][28][20][19][-45][9][10][1][-35][-40][-15]
[-15][-4][-36][29][40][18][4][-15][-11][-30][27][19][50][48][33][29][29][40][11][-19][33][10][42][45][-2][-37][-46][20][-5][0][19][45][-47][48][-26][14][33][-8][-11][-8][-18][-38][19][-50][-39][28][20][19][-45][9][10][1][-35][-40][-15][-11]
[-15][-4][-36][29][40][18][4][-15][-11][-30][27][19][50][48][33][29][29][40][11][-19][33][10][42][45][-2][-37][-46][20][-5][0][19][45][-47][48][-26][14][33][-8][-11][-8][-18][-38][19][-50][-39][28][20][19][-45][9][10][1][-35][-40][-15][-11][-38]
[-15][-4][-36][29][40][18][4][-15][-11][-30][27][19][50][48][33][29][29][40][11][-19][33][10][42][45][-2][-37][-46][20][-5][0][19][45][-47][48][-26][14][33][-8][-11][-8][-18][-38][19][-50][-39][28][20][19][-45][9][10][1][-35][-40][-15][-11][-38][38]
[-15][-4][-36][29][40][18][4][-15][-11][-30][27][19][50][48][33][29][29][40][11][-19][33][10][42][45][-2][-37][-46][20][-5][0][19][45][-47][48][-26][14][33][-8][-11][-8][-18][-38][19][-50][-39][28][20][19][-45][9][10][1][-35][-40][-15][-11][-38][38][-48]
[-15][-4][-36][29][40][18][4][-15][-11][-30][27][19][50][48][33][29][29][40][11][-19][33][10][42][45][-2][-37][-46][20][-5][0][19][45][-47][48][-26][14][33][-8][-11][-8][-18][-38][19][-50][-39][28][20][19][-45][9][10][1][-35][-40][-15][-11][-38][38][-48][2]
[-15][-4][-36][29][40][18][4][-15][-11][-30][27][19][50][48][33][29][29][40][11][-19][33][10][42][45][-2][-37][-46][20][-5][0][19][45][-47][48][-26][14][33][-8][-11][-8][-18][-38][19][-50][-39][28][20][19][-45][9][10][1][-35][-40][-15][-11][-38][38][-48][2][-27]
[-15][-4][-36][29][40][18][4][-15][-11][-30][27][19][50][48][33][29][29][40][11][-19][33][10][42][45][-2][-37][-46][20][-5][0][19][45][-47][48][-26][14][33][-8][-11][-8][-18][-38][19][-50][-39][28][20][19][-45][9][10][1][-35][-40][-15][-11][-38][38][-48][2][-27][16]
[-15][-4][-36][29][40][18][4][-15][-11][-30][27][19][50][48][33][29][29][40][11][-19][33][10][42][45][-2][-37][-46][20][-5][0][19][45][-47][48][-26][14][33][-8][-11][-8][-18][-38][19][-50][-39][28][20][19][-45][9][10][1][-35][-40][-15][-11][-38][38][-48][2][-27][16][43]
[-15][-4][-36][29][40][18][4][-15][-11][-30][27][19][50][48][33][29][29][40][11][-19][33][10][42][45][-2][-37][-46][20][-5][0][19][45][-47][48][-26][14][33][-8][-11][-8][-18][-38][19][-50][-39][28][20][19][-45][9][10][1][-35][-40][-15][-11][-38][38][-48][2][-27][16][43][-13]
[-15][-4][-36][29][40][18][4][-15][-11][-30][27][19][50][48][33][29][29][40][11][-19][33][10][42][45][-2][-37][-46][20][-5][0][19][45][-47][48][-26][14][33][-8][-11][-8][-18][-38][19][-50][-39][28][20][19][-45][9][10][1][-35][-40][-15][-11][-38][38][-48][2][-27][16][43][-13][-36]
[-15][-4][-36][29][40][18][4][-15][-11][-30][27][19][50][48][33][29][29][40][11][-19][33][10][42][45][-2][-37][-46][20][-5][0][19][45][-47][48][-26][14][33][-8][-11][-8][-18][-38][19][-50][-39][28][20][19][-45][9][10][1][-35][-40][-15][-11][-38][38][-48][2][-27][16][43][-13][-36][-18]
[-15][-4][-36][29][40][18][4][-15][-11][-30][27][19][50][48][33][29][29][40][11][-19][33][10][42][45][-2][-37][-46][20][-5][0][19][45][-47][48][-26][14][33][-8][-11][-8][-18][-38][19][-50][-39][28][20][19][-45][9][10][1][-35][-40][-15][-11][-38][38][-48][2][-27][16][43][-13][-36][-18][-34]
[-15][-4][-36][29][40][18][4][-15][-11][-30][27][19][50][48][33][29][29][40][11][-19][33][10][42][45][-2][-37][-46][20][-5][0][19][45][-47][48][-26][14][33][-8][-11][-8][-18][-38][19][-50][-39][28][20][19][-45][9][10][1][-35][-40][-15][-11][-38][38][-48][2][-27][16][43][-13][-36][-18][-34][14]
[-15][-4][-36][29][40][18][4][-15][-11][-30][27][19][50][48][33][29][29][40][11][-19][33][10][42][45][-2][-37][-46][20][-5][0][19][45][-47][48][-26][14][33][-8][-11][-8][-18][-38][19][-50][-39][28][20][19][-45][9][10][1][-35][-40][-15][-11][-38][38][-48][2][-27][16][43][-13][-36][-18][-34][14][25]
[-15][-4][-36][29][40][18][4][-15][-11][-30][27][19][50][48][33][29][29][40][11][-19][33][10][42][45][-2][-37][-46][20][-5][0][19][45][-47][48][-26][14][33][-8][-11][-8][-18][-38][19][-50][-39][28][20][19][-45][9][10][1][-35][-40][-15][-11][-38][38][-48][2][-27][16][43][-13][-36][-18][-34][14][25][43]
[-15][-4][-36][29][40][18][4][-15][-11][-30][27][19][50][48][33][29][29][40][11][-19][33][10][42][45][-2][-37][-46][20][-5][0][19][45][-47][48][-26][14][33][-8][-11][-8][-18][-38][19][-50][-39][28][20][19][-45][9][10][1][-35][-40][-15][-11][-38][38][-48][2][-27][16][43][-13][-36][-18][-34][14][25][43][50]
[-15][-4][-36][29][40][18][4][-15][-11][-30][27][19][50][48][33][29][29][40][11][-19][33][10][42][45][-2][-37][-46][20][-5][0][19][45][-47][48][-26][14][33][-8][-11][-8][-18][-38][19][-50][-39][28][20][19][-45][9][10][1][-35][-40][-15][-11][-38][38][-48][2][-27][16][43][-13][-36][-18][-34][14][25][43][50][23]
[-15][-4][-36][29][40][18][4][-15][-11][-30][27][19][50][48][33][29][29][40][11][-19][33][10][42][45][-2][-37][-46][20][-5][0][19][45][-47][48][-26][14][33][-8][-11][-8][-18][-38][19][-50][-39][28][20][19][-45][9][10][1][-35][-40][-15][-11][-38][38][-48][2][-27][16][43][-13][-36][-18][-34][14][25][43][50][23][-4]
[-15][-4][-36][29][40][18][4][-15][-11][-30][27][19][50][48][33][29][29][40][11][-19][33][10][42][45][-2][-37][-46][20][-5][0][19][45][-47][48][-26][14][33][-8][-11][-8][-18][-38][19][-50][-39][28][20][19][-45][9][10][1][-35][-40][-15][-11][-38][38][-48][2][-27][16][43][-13][-36][-18][-34][14][25][43][50][23][-4][-2]
[-15][-4][-36][29][40][18][4][-15][-11][-30][27][19][50][48][33][29][29][40][11][-19][33][10][42][45][-2][-37][-46][20][-5][0][19][45][-47][48][-26][14][33][-8][-11][-8][-18][-38][19][-50][-39][28][20][19][-45][9][10][1][-35][-40][-15][-11][-38][38][-48][2][-27][16][43][-13][-36][-18][-34][14][25][43][50][23][-4][-2][41]
[-15][-4][-36][29][40][18][4][-15][-11][-30][27][19][50][48][33][29][29][40][11][-19][33][10][42][45][-2][-37][-46][20][-5][0][19][45][-47][48][-26][14][33][-8][-11][-8][-18][-38][19][-50][-39][28][20][19][-45][9][10][1][-35][-40][-15][-11][-38][38][-48][2][-27][16][43][-13][-36][-18][-34][14][25][43][50][23][-4][-2][41][-40]
[-15][-4][-36][29][40][18][4][-15][-11][-30][27][19][50][48][33][29][29][40][11][-19][33][10][42][45][-2][-37][-46][20][-5][0][19][45][-47][48][-26][14][33][-8][-11][-8][-18][-38][19][-50][-39][28][20][19][-45][9][10][1][-35][-40][-15][-11][-38][38][-48][2][-27][16][43][-13][-36][-18][-34][14][25][43][50][23][-4][-2][41][-40][43]
[-15][-4][-36][29][40][18][4][-15][-11][-30][27][19][50][48][33][29][29][40][11][-19][33][10][42][45][-2][-37][-46][20][-5][0][19][45][-47][48][-26][14][33][-8][-11][-8][-18][-38][19][-50][-39][28][20][19][-45][9][10][1][-35][-40][-15][-11][-38][38][-48][2][-27][16][43][-13][-36][-18][-34][14][25][43][50][23][-4][-2][41][-40][43][1]
[-15][-4][-36][29][40][18][4][-15][-11][-30][27][19][50][48][33][29][29][40][11][-19][33][10][42][45][-2][-37][-46][20][-5][0][19][45][-47][48][-26][14][33][-8][-11][-8][-18][-38][19][-50][-39][28][20][19][-45][9][10][1][-35][-40][-15][-11][-38][38][-48][2][-27][16][43][-13][-36][-18][-34][14][25][43][50][23][-4][-2][41][-40][43][1][18]
[-15][-4][-36][29][40][18][4][-15][-11][-30][27][19][50][48][33][29][29][40][11][-19][33][10][42][45][-2][-37][-46][20][-5][0][19][45][-47][48][-26][14][33][-8][-11][-8][-18][-38][19][-50][-39][28][20][19][-45][9][10][1][-35][-40][-15][-11][-38][38][-48][2][-27][16][43][-13][-36][-18][-34][14][25][43][50][23][-4][-2][41][-40][43][1][18][25]
[-15][-4][-36][29][40][18][4][-15][-11][-30][27][19][50][48][33][29][29][40][11][-19][33][10][42][45][-2][-37][-46][20][-5][0][19][45][-47][48][-26][14][33][-8][-11][-8][-18][-38][19][-50][-39][28][20][19][-45][9][10][1][-35][-40][-15][-11][-38][38][-48][2][-27][16][43][-13][-36][-18][-34][14][25][43][50][23][-4][-2][41][-40][43][1][18][25][10]
[-15][-4][-36][29][40][18][4][-15][-11][-30][27][19][50][48][33][29][29][40][11][-19][33][10][42][45][-2][-37][-46][20][-5][0][19][45][-47][48][-26][14][33][-8][-11][-8][-18][-38][19][-50][-39][28][20][19][-45][9][10][1][-35][-40][-15][-11][-38][38][-48][2][-27][16][43][-13][-36][-18][-34][14][25][43][50][23][-4][-2][41][-40][43][1][18][25][10][7]
[-15][-4][-36][29][40][18][4][-15][-11][-30][27][19][50][48][33][29][29][40][11][-19][33][10][42][45][-2][-37][-46][20][-5][0][19][45][-47][48][-26][14][33][-8][-11][-8][-18][-38][19][-50][-39][28][20][19][-45][9][10][1][-35][-40][-15][-11][-38][38][-48][2][-27][16][43][-13][-36][-18][-34][14][25][43][50][23][-4][-2][41][-40][43][1][18][25][10][7][-45]
[-15][-4][-36][29][40][18][4][-15][-11][-30][27][19][50][48][33][29][29][40][11][-19][33][10][42][45][-2][-37][-46][20][-5][0][19][45][-47][48][-26][14][33][-8][-11][-8][-18][-38][19][-50][-39][28][20][19][-45][9][10][1][-35][-40][-15][-11][-38][38][-48][2][-27][16][43][-13][-36][-18][-34][14][25][43][50][23][-4][-2][41][-40][43][1][18][25][10][7][-45][17]
[-15][-4][-36][29][40][18][4][-15][-11][-30][27][19][50][48][33][29][29][40][11][-19][33][10][42][45][-2][-37][-46][20][-5][0][19][45][-47][48][-26][14][33][-8][-11][-8][-18][-38][19][-50][-39][28][20][19][-45][9][10][1][-35][-40][-15][-11][-38][38][-48][2][-27][16][43][-13][-36][-18][-34][14][25][43][50][23][-4][-2][41][-40][43][1][18][25][10][7][-45][17][-5]
[-15][-4][-36][29][40][18][4][-15][-11][-30][27][19][50][48][33][29][29][40][11][-19][33][10][42][45][-2][-37][-46][20][-5][0][19][45][-47][48][-26][14][33][-8][-11][-8][-18][-38][19][-50][-39][28][20][19][-45][9][10][1][-35][-40][-15][-11][-38][38][-48][2][-27][16][43][-13][-36][-18][-34][14][25][43][50][23][-4][-2][41][-40][43][1][18][25][10][7][-45][17][-5][13]
[-15][-4][-36][29][40][18][4][-15][-11][-30][27][19][50][48][33][29][29][40][11][-19][33][10][42][45][-2][-37][-46][20][-5][0][19][45][-47][48][-26][14][33][-8][-11][-8][-18][-38][19][-50][-39][28][20][19][-45][9][10][1][-35][-40][-15][-11][-38][38][-48][2][-27][16][43][-13][-36][-18][-34][14][25][43][50][23][-4][-2][41][-40][43][1][18][25][10][7][-45][17][-5][13][39]
[-15][-4][-36][29][40][18][4][-15][-11][-30][27][19][50][48][33][29][29][40][11][-19][33][10][42][45][-2][-37][-46][20][-5][0][19][45][-47][48][-26][14][33][-8][-11][-8][-18][-38][19][-50][-39][28][20][19][-45][9][10][1][-35][-40][-15][-11][-38][38][-48][2][-27][16][43][-13][-36][-18][-34][14][25][43][50][23][-4][-2][41][-40][43][1][18][25][10][7][-45][17][-5][13][39][-20]
[-15][-4][-36][29][40][18][4][-15][-11][-30][27][19][50][48][33][29][29][40][11][-19][33][10][42][45][-2][-37][-46][20][-5][0][19][45][-47][48][-26][14][33][-8][-11][-8][-18][-38][19][-50][-39][28][20][19][-45][9][10][1][-35][-40][-15][-11][-38][38][-48][2][-27][16][43][-13][-36][-18][-34][14][25][43][50][23][-4][-2][41][-40][43][1][18][25][10][7][-45][17][-5][13][39][-20][-6]
[-15][-4][-36][29][40][18][4][-15][-11][-30][27][19][50][48][33][29][29][40][11][-19][33][10][42][45][-2][-37][-46][20][-5][0][19][45][-47][48][-26][14][33][-8][-11][-8][-18][-38][19][-50][-39][28][20][19][-45][9][10][1][-35][-40][-15][-11][-38][38][-48][2][-27][16][43][-13][-36][-18][-34][14][25][43][50][23][-4][-2][41][-40][43][1][18][25][10][7][-45][17][-5][13][39][-20][-6][-4]
[-15][-4][-36][29][40][18][4][-15][-11][-30][27][19][50][48][33][29][29][40][11][-19][33][10][42][45][-2][-37][-46][20][-5][0][19][45][-47][48][-26][14][33][-8][-11][-8][-18][-38][19][-50][-39][28][20][19][-45][9][10][1][-35][-40][-15][-11][-38][38][-48][2][-27][16][43][-13][-36][-18][-34][14][25][43][50][23][-4][-2][41][-40][43][1][18][25][10][7][-45][17][-5][13][39][-20][-6][-4][4]
[-15][-4][-36][29][40][18][4][-15][-11][-30][27][19][50][48][33][29][29][40][11][-19][33][10][42][45][-2][-37][-46][20][-5][0][19][45][-47][48][-26][14][33][-8][-11][-8][-18][-38][19][-50][-39][28][20][19][-45][9][10][1][-35][-40][-15][-11][-38][38][-48][2][-27][16][43][-13][-36][-18][-34][14][25][43][50][23][-4][-2][41][-40][43][1][18][25][10][7][-45][17][-5][13][39][-20][-6][-4][4][-9]
[-15][-4][-36][29][40][18][4][-15][-11][-30][27][19][50][48][33][29][29][40][11][-19][33][10][42][45][-2][-37][-46][20][-5][0][19][45][-47][48][-26][14][33][-8][-11][-8][-18][-38][19][-50][-39][28][20][19][-45][9][10][1][-35][-40][-15][-11][-38][38][-48][2][-27][16][43][-13][-36][-18][-34][14][25][43][50][23][-4][-2][41][-40][43][1][18][25][10][7][-45][17][-5][13][39][-20][-6][-4][4][-9][-26]
[-15][-4][-36][29][40][18][4][-15][-11][-30][27][19][50][48][33][29][29][40][11][-19][33][10][42][45][-2][-37][-46][20][-5][0][19][45][-47][48][-26][14][33][-8][-11][-8][-18][-38][19][-50][-39][28][20][19][-45][9][10][1][-35][-40][-15][-11][-38][38][-48][2][-27][16][43][-13][-36][-18][-34][14][25][43][50][23][-4][-2][41][-40][43][1][18][25][10][7][-45][17][-5][13][39][-20][-6][-4][4][-9][-26][33]
[-15][-4][-36][29][40][18][4][-15][-11][-30][27][19][50][48][33][29][29][40][11][-19][33][10][42][45][-2][-37][-46][20][-5][0][19][45][-47][48][-26][14][33][-8][-11][-8][-18][-38][19][-50][-39][28][20][19][-45][9][10][1][-35][-40][-15][-11][-38][38][-48][2][-27][16][43][-13][-36][-18][-34][14][25][43][50][23][-4][-2][41][-40][43][1][18][25][10][7][-45][17][-5][13][39][-20][-6][-4][4][-9][-26][33][-9]
[-15][-4][-36][29][40][18][4][-15][-11][-30][27][19][50][48][33][29][29][40][11][-19][33][10][42][45][-2][-37][-46][20][-5][0][19][45][-47][48][-26][14][33][-8][-11][-8][-18][-38][19][-50][-39][28][20][19][-45][9][10][1][-35][-40][-15][-11][-38][38][-48][2][-27][16][43][-13][-36][-18][-34][14][25][43][50][23][-4][-2][41][-40][43][1][18][25][10][7][-45][17][-5][13][39][-20][-6][-4][4][-9][-26][33][-9][44]
[-15][-4][-36][29][40][18][4][-15][-11][-30][27][19][50][48][33][29][29][40][11][-19][33][10][42][45][-2][-37][-46][20][-5][0][19][45][-47][48][-26][14][33][-8][-11][-8][-18][-38][19][-50][-39][28][20][19][-45][9][10][1][-35][-40][-15][-11][-38][38][-48][2][-27][16][43][-13][-36][-18][-34][14][25][43][50][23][-4][-2][41][-40][43][1][18][25][10][7][-45][17][-5][13][39][-20][-6][-4][4][-9][-26][33][-9][44][21]
[-15][-4][-36][29][40][18][4][-15][-11][-30][27][19][50][48][33][29][29][40][11][-19][33][10][42][45][-2][-37][-46][20][-5][0][19][45][-47][48][-26][14][33][-8][-11][-8][-18][-38][19][-50][-39][28][20][19][-45][9][10][1][-35][-40][-15][-11][-38][38][-48][2][-27][16][43][-13][-36][-18][-34][14][25][43][50][23][-4][-2][41][-40][43][1][18][25][10][7][-45][17][-5][13][39][-20][-6][-4][4][-9][-26][33][-9][44][21][-36]
[-15][-4][-36][29][40][18][4][-15][-11][-30][27][19][50][48][33][29][29][40][11][-19][33][10][42][45][-2][-37][-46][20][-5][0][19][45][-47][48][-26][14][33][-8][-11][-8][-18][-38][19][-50][-39][28][20][19][-45][9][10][1][-35][-40][-15][-11][-38][38][-48][2][-27][16][43][-13][-36][-18][-34][14][25][43][50][23][-4][-2][41][-40][43][1][18][25][10][7][-45][17][-5][13][39][-20][-6][-4][4][-9][-26][33][-9][44][21][-36][-41]
[-15][-4][-36][29][40][18][4][-15][-11][-30][27][19][50][48][33][29][29][40][11][-19][33][10][42][45][-2][-37][-46][20][-5][0][19][45][-47][48][-26][14][33][-8][-11][-8][-18][-38][19][-50][-39][28][20][19][-45][9][10][1][-35][-40][-15][-11][-38][38][-48][2][-27][16][43][-13][-36][-18][-34][14][25][43][50][23][-4][-2][41][-40][43][1][18][25][10][7][-45][17][-5][13][39][-20][-6][-4][4][-9][-26][33][-9][44][21][-36][-41][-38]
[-15][-4][-36][29][40][18][4][-15][-11][-30][27][19][50][48][33][29][29][40][11][-19][33][10][42][45][-2][-37][-46][20][-5][0][19][45][-47][48][-26][14][33][-8][-11][-8][-18][-38][19][-50][-39][28][20][19][-45][9][10][1][-35][-40][-15][-11][-38][38][-48][2][-27][16][43][-13][-36][-18][-34][14][25][43][50][23][-4][-2][41][-40][43][1][18][25][10][7][-45][17][-5][13][39][-20][-6][-4][4][-9][-26][33][-9][44][21][-36][-41][-38][33]
[-15][-4][-36][29][40][18][4][-15][-11][-30][27][19][50][48][33][29][29][40][11][-19][33][10][42][45][-2][-37][-46][20][-5][0][19][45][-47][48][-26][14][33][-8][-11][-8][-18][-38][19][-50][-39][28][20][19][-45][9][10][1][-35][-40][-15][-11][-38][38][-48][2][-27][16][43][-13][-36][-18][-34][14][25][43][50][23][-4][-2][41][-40][43][1][18][25][10][7][-45][17][-5][13][39][-20][-6][-4][4][-9][-26][33][-9][44][21][-36][-41][-38][33][15]
[-15][-4][-36][29][40][18][4][-15][-11][-30][27][19][50][48][33][29][29][40][11][-19][33][10][42][45][-2][-37][-46][20][-5][0][19][45][-47][48][-26][14][33][-8][-11][-8][-18][-38][19][-50][-39][28][20][19][-45][9][10][1][-35][-40][-15][-11][-38][38][-48][2][-27][16][43][-13][-36][-18][-34][14][25][43][50][23][-4][-2][41][-40][43][1][18][25][10][7][-45][17][-5][13][39][-20][-6][-4][4][-9][-26][33][-9][44][21][-36][-41][-38][33][15][24]
[-15][-4][-36][29][40][18][4][-15][-11][-30][27][19][50][48][33][29][29][40][11][-19][33][10][42][45][-2][-37][-46][20][-5][0][19][45][-47][48][-26][14][33][-8][-11][-8][-18][-38][19][-50][-39][28][20][19][-45][9][10][1][-35][-40][-15][-11][-38][38][-48][2][-27][16][43][-13][-36][-18][-34][14][25][43][50][23][-4][-2][41][-40][43][1][18][25][10][7][-45][17][-5][13][39][-20][-6][-4][4][-9][-26][33][-9][44][21][-36][-41][-38][33][15][24][44]
[-15][-4][-36][29][40][18][4][-15][-11][-30][27][19][50][48][33][29][29][40][11][-19][33][10][42][45][-2][-37][-46][20][-5][0][19][45][-47][48][-26][14][33][-8][-11][-8][-18][-38][19][-50][-39][28][20][19][-45][9][10][1][-35][-40][-15][-11][-38][38][-48][2][-27][16][43][-13][-36][-18][-34][14][25][43][50][23][-4][-2][41][-40][43][1][18][25][10][7][-45][17][-5][13][39][-20][-6][-4][4][-9][-26][33][-9][44][21][-36][-41][-38][33][15][24][44][41]
[-15][-4][-36][29][40][18][4][-15][-11][-30][27][19][50][48][33][29][29][40][11][-19][33][10][42][45][-2][-37][-46][20][-5][0][19][45][-47][48][-26][14][33][-8][-11][-8][-18][-38][19][-50][-39][28][20][19][-45][9][10][1][-35][-40][-15][-11][-38][38][-48][2][-27][16][43][-13][-36][-18][-34][14][25][43][50][23][-4][-2][41][-40][43][1][18][25][10][7][-45][17][-5][13][39][-20][-6][-4][4][-9][-26][33][-9][44][21][-36][-41][-38][33][15][24][44][41][-40]
[-15][-4][-36][29][40][18][4][-15][-11][-30][27][19][50][48][33][29][29][40][11][-19][33][10][42][45][-2][-37][-46][20][-5][0][19][45][-47][48][-26][14][33][-8][-11][-8][-18][-38][19][-50][-39][28][20][19][-45][9][10][1][-35][-40][-15][-11][-38][38][-48][2][-27][16][43][-13][-36][-18][-34][14][25][43][50][23][-4][-2][41][-40][43][1][18][25][10][7][-45][17][-5][13][39][-20][-6][-4][4][-9][-26][33][-9][44][21][-36][-41][-38][33][15][24][44][41][-40][-2]
[-15][-4][-36][29][40][18][4][-15][-11][-30][27][19][50][48][33][29][29][40][11][-19][33][10][42][45][-2][-37][-46][20][-5][0][19][45][-47][48][-26][14][33][-8][-11][-8][-18][-38][19][-50][-39][28][20][19][-45][9][10][1][-35][-40][-15][-11][-38][38][-48][2][-27][16][43][-13][-36][-18][-34][14][25][43][50][23][-4][-2][41][-40][43][1][18][25][10][7][-45][17][-5][13][39][-20][-6][-4][4][-9][-26][33][-9][44][21][-36][-41][-38][33][15][24][44][41][-40][-2][-15]
[-15][-4][-36][29][40][18][4][-15][-11][-30][27][19][50][48][33][29][29][40][11][-19][33][10][42][45][-2][-37][-46][20][-5][0][19][45][-47][48][-26][14][33][-8][-11][-8][-18][-38][19][-50][-39][28][20][19][-45][9][10][1][-35][-40][-15][-11][-38][38][-48][2][-27][16][43][-13][-36][-18][-34][14][25][43][50][23][-4][-2][41][-40][43][1][18][25][10][7][-45][17][-5][13][39][-20][-6][-4][4][-9][-26][33][-9][44][21][-36][-41][-38][33][15][24][44][41][-40][-2][-15][34]
[-15][-4][-36][29][40][18][4][-15][-11][-30][27][19][50][48][33][29][29][40][11][-19][33][10][42][45][-2][-37][-46][20][-5][0][19][45][-47][48][-26][14][33][-8][-11][-8][-18][-38][19][-50][-39][28][20][19][-45][9][10][1][-35][-40][-15][-11][-38][38][-48][2][-27][16][43][-13][-36][-18][-34][14][25][43][50][23][-4][-2][41][-40][43][1][18][25][10][7][-45][17][-5][13][39][-20][-6][-4][4][-9][-26][33][-9][44][21][-36][-41][-38][33][15][24][44][41][-40][-2][-15][34][-48]
[-15][-4][-36][29][40][18][4][-15][-11][-30][27][19][50][48][33][29][29][40][11][-19][33][10][42][45][-2][-37][-46][20][-5][0][19][45][-47][48][-26][14][33][-8][-11][-8][-18][-38][19][-50][-39][28][20][19][-45][9][10][1][-35][-40][-15][-11][-38][38][-48][2][-27][16][43][-13][-36][-18][-34][14][25][43][50][23][-4][-2][41][-40][43][1][18][25][10][7][-45][17][-5][13][39][-20][-6][-4][4][-9][-26][33][-9][44][21][-36][-41][-38][33][15][24][44][41][-40][-2][-15][34][-48][44]
[-15][-4][-36][29][40][18][4][-15][-11][-30][27][19][50][48][33][29][29][40][11][-19][33][10][42][45][-2][-37][-46][20][-5][0][19][45][-47][48][-26][14][33][-8][-11][-8][-18][-38][19][-50][-39][28][20][19][-45][9][10][1][-35][-40][-15][-11][-38][38][-48][2][-27][16][43][-13][-36][-18][-34][14][25][43][50][23][-4][-2][41][-40][43][1][18][25][10][7][-45][17][-5][13][39][-20][-6][-4][4][-9][-26][33][-9][44][21][-36][-41][-38][33][15][24][44][41][-40][-2][-15][34][-48][44][14]
[-15][-4][-36][29][40][18][4][-15][-11][-30][27][19][50][48][33][29][29][40][11][-19][33][10][42][45][-2][-37][-46][20][-5][0][19][45][-47][48][-26][14][33][-8][-11][-8][-18][-38][19][-50][-39][28][20][19][-45][9][10][1][-35][-40][-15][-11][-38][38][-48][2][-27][16][43][-13][-36][-18][-34][14][25][43][50][23][-4][-2][41][-40][43][1][18][25][10][7][-45][17][-5][13][39][-20][-6][-4][4][-9][-26][33][-9][44][21][-36][-41][-38][33][15][24][44][41][-40][-2][-15][34][-48][44][14][46]
[-15][-4][-36][29][40][18][4][-15][-11][-30][27][19][50][48][33][29][29][40][11][-19][33][10][42][45][-2][-37][-46][20][-5][0][19][45][-47][48][-26][14][33][-8][-11][-8][-18][-38][19][-50][-39][28][20][19][-45][9][10][1][-35][-40][-15][-11][-38][38][-48][2][-27][16][43][-13][-36][-18][-34][14][25][43][50][23][-4][-2][41][-40][43][1][18][25][10][7][-45][17][-5][13][39][-20][-6][-4][4][-9][-26][33][-9][44][21][-36][-41][-38][33][15][24][44][41][-40][-2][-15][34][-48][44][14][46][-15]
[-15][-4][-36][29][40][18][4][-15][-11][-30][27][19][50][48][33][29][29][40][11][-19][33][10][42][45][-2][-37][-46][20][-5][0][19][45][-47][48][-26][14][33][-8][-11][-8][-18][-38][19][-50][-39][28][20][19][-45][9][10][1][-35][-40][-15][-11][-38][38][-48][2][-27][16][43][-13][-36][-18][-34][14][25][43][50][23][-4][-2][41][-40][43][1][18][25][10][7][-45][17][-5][13][39][-20][-6][-4][4][-9][-26][33][-9][44][21][-36][-41][-38][33][15][24][44][41][-40][-2][-15][34][-48][44][14][46][-15][45]
[-15][-4][-36][29][40][18][4][-15][-11][-30][27][19][50][48][33][29][29][40][11][-19][33][10][42][45][-2][-37][-46][20][-5][0][19][45][-47][48][-26][14][33][-8][-11][-8][-18][-38][19][-50][-39][28][20][19][-45][9][10][1][-35][-40][-15][-11][-38][38][-48][2][-27][16][43][-13][-36][-18][-34][14][25][43][50][23][-4][-2][41][-40][43][1][18][25][10][7][-45][17][-5][13][39][-20][-6][-4][4][-9][-26][33][-9][44][21][-36][-41][-38][33][15][24][44][41][-40][-2][-15][34][-48][44][14][46][-15][45][30]
[-15][-4][-36][29][40][18][4][-15][-11][-30][27][19][50][48][33][29][29][40][11][-19][33][10][42][45][-2][-37][-46][20][-5][0][19][45][-47][48][-26][14][33][-8][-11][-8][-18][-38][19][-50][-39][28][20][19][-45][9][10][1][-35][-40][-15][-11][-38][38][-48][2][-27][16][43][-13][-36][-18][-34][14][25][43][50][23][-4][-2][41][-40][43][1][18][25][10][7][-45][17][-5][13][39][-20][-6][-4][4][-9][-26][33][-9][44][21][-36][-41][-38][33][15][24][44][41][-40][-2][-15][34][-48][44][14][46][-15][45][30][9]
[-15][-4][-36][29][40][18][4][-15][-11][-30][27][19][50][48][33][29][29][40][11][-19][33][10][42][45][-2][-37][-46][20][-5][0][19][45][-47][48][-26][14][33][-8][-11][-8][-18][-38][19][-50][-39][28][20][19][-45][9][10][1][-35][-40][-15][-11][-38][38][-48][2][-27][16][43][-13][-36][-18][-34][14][25][43][50][23][-4][-2][41][-40][43][1][18][25][10][7][-45][17][-5][13][39][-20][-6][-4][4][-9][-26][33][-9][44][21][-36][-41][-38][33][15][24][44][41][-40][-2][-15][34][-48][44][14][46][-15][45][30][9][-16]
[-15][-4][-36][29][40][18][4][-15][-11][-30][27][19][50][48][33][29][29][40][11][-19][33][10][42][45][-2][-37][-46][20][-5][0][19][45][-47][48][-26][14][33][-8][-11][-8][-18][-38][19][-50][-39][28][20][19][-45][9][10][1][-35][-40][-15][-11][-38][38][-48][2][-27][16][43][-13][-36][-18][-34][14][25][43][50][23][-4][-2][41][-40][43][1][18][25][10][7][-45][17][-5][13][39][-20][-6][-4][4][-9][-26][33][-9][44][21][-36][-41][-38][33][15][24][44][41][-40][-2][-15][34][-48][44][14][46][-15][45][30][9][-16][28]
[-15][-4][-36][29][40][18][4][-15][-11][-30][27][19][50][48][33][29][29][40][11][-19][33][10][42][45][-2][-37][-46][20][-5][0][19][45][-47][48][-26][14][33][-8][-11][-8][-18][-38][19][-50][-39][28][20][19][-45][9][10][1][-35][-40][-15][-11][-38][38][-48][2][-27][16][43][-13][-36][-18][-34][14][25][43][50][23][-4][-2][41][-40][43][1][18][25][10][7][-45][17][-5][13][39][-20][-6][-4][4][-9][-26][33][-9][44][21][-36][-41][-38][33][15][24][44][41][-40][-2][-15][34][-48][44][14][46][-15][45][30][9][-16][28][41]
[-15][-4][-36][29][40][18][4][-15][-11][-30][27][19][50][48][33][29][29][40][11][-19][33][10][42][45][-2][-37][-46][20][-5][0][19][45][-47][48][-26][14][33][-8][-11][-8][-18][-38][19][-50][-39][28][20][19][-45][9][10][1][-35][-40][-15][-11][-38][38][-48][2][-27][16][43][-13][-36][-18][-34][14][25][43][50][23][-4][-2][41][-40][43][1][18][25][10][7][-45][17][-5][13][39][-20][-6][-4][4][-9][-26][33][-9][44][21][-36][-41][-38][33][15][24][44][41][-40][-2][-15][34][-48][44][14][46][-15][45][30][9][-16][28][41][16]
[-15][-4][-36][29][40][18][4][-15][-11][-30][27][19][50][48][33][29][29][40][11][-19][33][10][42][45][-2][-37][-46][20][-5][0][19][45][-47][48][-26][14][33][-8][-11][-8][-18][-38][19][-50][-39][28][20][19][-45][9][10][1][-35][-40][-15][-11][-38][38][-48][2][-27][16][43][-13][-36][-18][-34][14][25][43][50][23][-4][-2][41][-40][43][1][18][25][10][7][-45][17][-5][13][39][-20][-6][-4][4][-9][-26][33][-9][44][21][-36][-41][-38][33][15][24][44][41][-40][-2][-15][34][-48][44][14][46][-15][45][30][9][-16][28][41][16][-43]
[-15][-4][-36][29][40][18][4][-15][-11][-30][27][19][50][48][33][29][29][40][11][-19][33][10][42][45][-2][-37][-46][20][-5][0][19][45][-47][48][-26][14][33][-8][-11][-8][-18][-38][19][-50][-39][28][20][19][-45][9][10][1][-35][-40][-15][-11][-38][38][-48][2][-27][16][43][-13][-36][-18][-34][14][25][43][50][23][-4][-2][41][-40][43][1][18][25][10][7][-45][17][-5][13][39][-20][-6][-4][4][-9][-26][33][-9][44][21][-36][-41][-38][33][15][24][44][41][-40][-2][-15][34][-48][44][14][46][-15][45][30][9][-16][28][41][16][-43][43]
[-15][-4][-36][29][40][18][4][-15][-11][-30][27][19][50][48][33][29][29][40][11][-19][33][10][42][45][-2][-37][-46][20][-5][0][19][45][-47][48][-26][14][33][-8][-11][-8][-18][-38][19][-50][-39][28][20][19][-45][9][10][1][-35][-40][-15][-11][-38][38][-48][2][-27][16][43][-13][-36][-18][-34][14][25][43][50][23][-4][-2][41][-40][43][1][18][25][10][7][-45][17][-5][13][39][-20][-6][-4][4][-9][-26][33][-9][44][21][-36][-41][-38][33][15][24][44][41][-40][-2][-15][34][-48][44][14][46][-15][45][30][9][-16][28][41][16][-43][43][-20]
[-15][-4][-36][29][40][18][4][-15][-11][-30][27][19][50][48][33][29][29][40][11][-19][33][10][42][45][-2][-37][-46][20][-5][0][19][45][-47][48][-26][14][33][-8][-11][-8][-18][-38][19][-50][-39][28][20][19][-45][9][10][1][-35][-40][-15][-11][-38][38][-48][2][-27][16][43][-13][-36][-18][-34][14][25][43][50][23][-4][-2][41][-40][43][1][18][25][10][7][-45][17][-5][13][39][-20][-6][-4][4][-9][-26][33][-9][44][21][-36][-41][-38][33][15][24][44][41][-40][-2][-15][34][-48][44][14][46][-15][45][30][9][-16][28][41][16][-43][43][-20][39]
[-15][-4][-36][29][40][18][4][-15][-11][-30][27][19][50][48][33][29][29][40][11][-19][33][10][42][45][-2][-37][-46][20][-5][0][19][45][-47][48][-26][14][33][-8][-11][-8][-18][-38][19][-50][-39][28][20][19][-45][9][10][1][-35][-40][-15][-11][-38][38][-48][2][-27][16][43][-13][-36][-18][-34][14][25][43][50][23][-4][-2][41][-40][43][1][18][25][10][7][-45][17][-5][13][39][-20][-6][-4][4][-9][-26][33][-9][44][21][-36][-41][-38][33][15][24][44][41][-40][-2][-15][34][-48][44][14][46][-15][45][30][9][-16][28][41][16][-43][43][-20][39][22]
[-15][-4][-36][29][40][18][4][-15][-11][-30][27][19][50][48][33][29][29][40][11][-19][33][10][42][45][-2][-37][-46][20][-5][0][19][45][-47][48][-26][14][33][-8][-11][-8][-18][-38][19][-50][-39][28][20][19][-45][9][10][1][-35][-40][-15][-11][-38][38][-48][2][-27][16][43][-13][-36][-18][-34][14][25][43][50][23][-4][-2][41][-40][43][1][18][25][10][7][-45][17][-5][13][39][-20][-6][-4][4][-9][-26][33][-9][44][21][-36][-41][-38][33][15][24][44][41][-40][-2][-15][34][-48][44][14][46][-15][45][30][9][-16][28][41][16][-43][43][-20][39][22][21][21]
Overflow
