4 5 6 8 31 32
3 7 8 31 32
2 3 7 8 31 32
2 8 31 32
1 2 31 32
1 2 31 32
1 2 31 32
1 2 31 32
0 1 2 13 14 21 22 29 31 32
0 1 2 12 14 15 20 22 23 28 29 30 31 32
0 1 2 8 9 11 12 15 16 19 20 23 24 27 28 31 32
0 1 2 8 9 11 16 19 24 27 31 32
0 1 2 8 9 11 16 19 24 26 27 31 32
1 2 8 9 10 11 16 17 18 19 24 25 26 27 31 32
1 2 8 9 10 11 16 17 18 19 24 25 26 27 31 32
1 2 8 9 10 11 16 17 18 19 24 25 26 27 31 32
1 2 8 10 11 16 17 18 19 24 25 26 27 31 32
2 3 8 11 16 19 24 27 31 32
2 3 7 8 11 12 15 16 19 20 23 24 27 28 31 32
3 4 6 7 12 15 20 23 27 28 30 31 32
5 13 14 21 22 29 31 32 33
