0 1 2 3 8 9 10 11 12 13 14 15 16 17 18 19 20 25 26 27 29
1 2 9 12 13 19 20 24 28 29
1 2 9 12 13 20 23 24 28 29
1 2 9 12 13 20 23 29
1 2 9 12 13 22 23
1 2 9 12 13 22 23
1 2 9 12 13 22 23
1 2 9 12 13 18 22 23
1 2 9 12 13 14 15 16 17 18 21 22 23
1 2 9 12 13 17 18 21 22 23
1 2 9 12 13 18 21 22 23
1 2 9 12 13 21 22 23
1 2 9 12 13 21 22 23
1 2 9 12 13 22 23
1 2 9 12 13 22 23
2 3 9 12 13 22 23
2 3 9 12 13 22 23 29
2 3 8 9 12 13 20 23 24
3 4 8 12 13 20 23 24
3 4 5 6 7 12 13 19 20 24 25 27 28
5 6 11 12 13 14 15 16 17 18 19 20 26
