0 11 12 13 14 15 16 17 18 19 20 35 36 37 38 39 40 41 42 43 44 55
0 8 9 22 23 24 25 26 29 30 31 32 33 46 47 55
1 5 6 26 27 28 29 49 50 54
2 3 22 23 24 27 28 31 32 33 52 53
2 3 19 20 27 28 35 36 52 53
1 4 14 15 16 17 18 19 20 21 22 23 24 25 26 27 28 29 30 31 32 33 34 35 36 37 38 39 40 41 51 54
0 4 14 15 22 23 32 33 40 41 51 55
0 5 50 55
0 6 12 14 15 16 17 18 19 20 21 22 24 25 26 29 30 31 33 34 35 36 37 38 39 40 41 43 49 55
1 7 11 14 15 26 27 28 29 40 41 44 48 54
1 8 10 14 15 16 17 18 19 20 21 22 24 25 26 29 30 31 33 34 35 36 37 38 39 40 41 45 47 54
2 8 9 14 15 26 27 28 29 40 41 46 47 53
3 7 10 14 15 16 17 18 19 20 21 22 24 25 26 29 30 31 33 34 35 36 37 38 39 40 41 45 48 52
4 6 11 44 49 51
5 12 14 15 16 17 18 19 20 21 22 23 24 25 26 27 28 29 30 31 32 33 34 35 36 37 38 39 40 41 43 50
4 6 14 15 18 19 21 22 23 24 25 26 27 28 29 30 31 32 33 34 35 37 38 40 41 49 51
3 7 14 15 18 19 21 22 23 24 25 26 27 28 29 30 31 32 33 34 35 37 38 40 41 48 52
2 8 14 15 18 19 20 21 22 23 24 25 26 27 28 29 30 31 32 33 34 35 36 37 38 40 41 47 53
1 10 19 27 28 37 45 54
0 11 21 27 28 35 44 55
0 13 20 21 22 23 24 25 26 27 28 32 42 55
0 15 27 29 40 55
1 17 25 31 38 54
2 19 21 34 36 53
4 5 6 7 8 9 10 11 12 13 14 15 16 23 24 25 26 27 28 29 30 31 32 39 40 41 42 43 44 45 46 47 48 49 50 51
