0 1 2 3 4 5 6 7 8 9 18 19 20
0 1 4 5 9 19 20
0 1 4 5 9 19 20
0 4 5 9 19 20
4 5 19 20
4 5 19 20
4 5 19 20
4 5 19 20
4 5 13 14 19 20 22 23 26 27 28 32 33 37 38
4 5 12 14 15 19 20 23 27 28 32 36 38 39
4 5 11 12 15 16 19 20 22 27 28 32 35 36 39 40
4 5 11 16 19 20 22 27 28 35 40
4 5 11 16 19 20 21 28 29 31 35 40
4 5 10 11 16 17 19 20 21 22 28 29 31 34 35 40 41
4 5 10 11 16 17 19 20 21 22 28 29 31 34 35 40 41
4 5 10 11 16 17 19 20 21 22 29 30 34 35 40 41
4 5 10 11 16 17 19 20 22 23 29 30 34 35 40 41
4 5 11 16 19 20 22 23 29 30 35 40
4 5 11 12 15 16 19 20 23 24 29 30 35 36 39 40
4 5 12 15 19 20 23 24 36 39
3 4 5 6 13 14 18 19 20 23 24 25 29 37 38
29
29

28
26 27 28
26 27 28
